0000000000|00-07|00000175|59.083336
0000000000|00-07|00000056|38.633335
0000000000|00-07|00000033|35.800003
0000000000|07-17|00000033|107.666664
0000000000|07-17|00000175|53.0
0000000000|07-17|00000008|5.883333
0000000000|17-24|00000175|103.03333
0000000000|17-24|00000033|65.35
0000000000|17-24|00000008|16.733334
0000000001|00-07|00000047|142.31665
0000000001|00-07|00000032|139.9
0000000001|00-07|00000033|119.39999
0000000001|07-17|00000033|187.28333
0000000001|07-17|00000047|181.51666
0000000001|07-17|00000032|173.5167
0000000001|17-24|00000047|159.28336
0000000001|17-24|00000032|141.7
0000000001|17-24|00000033|88.75
0000000002|00-07|00000158|93.183334
0000000002|00-07|00000074|91.05
0000000002|00-07|00000114|69.96666
0000000002|07-17|00000074|162.11665
0000000002|07-17|00000158|119.433334
0000000002|07-17|00000114|107.58331
0000000002|17-24|00000158|161.8
0000000002|17-24|00000114|110.216675
0000000002|17-24|00000074|61.81667
0000000003|00-07|00000038|129.45001
0000000003|00-07|00000149|125.816666
0000000003|00-07|00000121|63.333336
0000000003|07-17|00000149|158.6
0000000003|07-17|00000053|153.55
0000000003|07-17|00000020|105.15001
0000000003|17-24|00000038|133.05
0000000003|17-24|00000020|93.93333
0000000003|17-24|00000053|91.40001
0000000004|00-07|00000100|186.8
0000000004|00-07|00000117|107.46665
0000000004|00-07|00000172|85.75
0000000004|07-17|00000172|200.7
0000000004|07-17|00000117|189.95
0000000004|07-17|00000100|126.00001
0000000004|17-24|00000172|136.86667
0000000004|17-24|00000100|92.75
0000000004|17-24|00000125|69.8
0000000005|00-07|00000132|232.44997
0000000005|00-07|00000076|148.25003
0000000005|00-07|00000198|14.05
0000000005|07-17|00000132|284.69998
0000000005|07-17|00000076|265.59998
0000000005|07-17|00000091|20.5
0000000005|17-24|00000076|199.20001
0000000005|17-24|00000132|169.25
0000000005|17-24|00000124|17.783333
0000000006|00-07|00000167|83.76667
0000000006|00-07|00000074|73.2
0000000006|00-07|00000142|54.23333
0000000006|07-17|00000170|100.99999
0000000006|07-17|00000080|83.850006
0000000006|07-17|00000053|71.200005
0000000006|17-24|00000074|72.16668
0000000006|17-24|00000046|65.81667
0000000006|17-24|00000167|61.500008
0000000007|00-07|00000132|49.916668
0000000007|00-07|00000070|50.48333
0000000007|00-07|00000127|41.899998
0000000007|07-17|00000025|88.03334
0000000007|07-17|00000154|66.05
0000000007|07-17|00000071|63.116665
0000000007|17-24|00000123|93.55
0000000007|17-24|00000158|67.95
0000000007|17-24|00000076|50.86667
0000000008|00-07|00000004|158.53334
0000000008|00-07|00000167|98.91667
0000000008|00-07|00000045|24.8
0000000008|07-17|00000047|112.666664
0000000008|07-17|00000004|104.76666
0000000008|07-17|00000111|100.316666
0000000008|17-24|00000004|165.83333
0000000008|17-24|00000130|109.91666
0000000008|17-24|00000047|67.23334
0000000009|00-07|00000074|74.95
0000000009|00-07|00000195|74.95
0000000009|00-07|00000102|65.4
0000000009|07-17|00000074|71.28333
0000000009|07-17|00000142|66.76666
0000000009|07-17|00000054|52.783333
0000000009|17-24|00000142|100.78333
0000000009|17-24|00000195|50.95
0000000009|17-24|00000138|49.750004
