0000000000|00000179|00-07|24.633333
0000000000|00000056|00-07|38.633335
0000000000|00000033|00-07|35.800003
0000000000|00000175|00-07|59.083336
0000000000|00000073|00-07|8.95
0000000000|00000033|07-17|107.666664
0000000000|00000175|07-17|53.0
0000000000|00000140|07-17|0.45
0000000000|00000008|07-17|5.883333
0000000000|00000033|17-24|65.35
0000000000|00000175|17-24|103.03333
0000000000|00000008|17-24|16.733334
0000000001|00000048|00-07|0.18333334
0000000001|00000158|00-07|0.6
0000000001|00000047|00-07|142.31665
0000000001|00000057|00-07|4.4833336
0000000001|00000033|00-07|119.39999
0000000001|00000032|00-07|139.9
0000000001|00000163|00-07|10.766666
0000000001|00000030|00-07|2.3166666
0000000001|00000080|00-07|0.016666668
0000000001|00000029|07-17|4.8
0000000001|00000048|07-17|5.883333
0000000001|00000158|07-17|1.4333334
0000000001|00000047|07-17|181.51666
0000000001|00000057|07-17|3.4333334
0000000001|00000123|07-17|3.233333
0000000001|00000045|07-17|2.7333333
0000000001|00000033|07-17|187.28333
0000000001|00000032|07-17|173.5167
0000000001|00000098|07-17|0.78333336
0000000001|00000163|07-17|12.35
0000000001|00000030|07-17|9.433333
0000000001|00000074|07-17|3.2166667
0000000001|00000160|07-17|9.966667
0000000001|00000080|07-17|0.3
0000000001|00000029|17-24|4.0333333
0000000001|00000048|17-24|3.3833334
0000000001|00000047|17-24|159.28336
0000000001|00000123|17-24|5.4833336
0000000001|00000057|17-24|4.5
0000000001|00000045|17-24|4.2166667
0000000001|00000033|17-24|88.75
0000000001|00000032|17-24|141.7
0000000001|00000163|17-24|0.43333334
0000000001|00000074|17-24|0.23333333
0000000001|00000160|17-24|1.7
0000000001|00000080|17-24|3.9333334
0000000002|00000148|00-07|26.333332
0000000002|00000038|00-07|19.733334
0000000002|00000158|00-07|93.183334
0000000002|00000114|00-07|69.96666
0000000002|00000014|00-07|41.9
0000000002|00000043|00-07|30.15
0000000002|00000074|00-07|91.05
0000000002|00000083|00-07|47.399998
0000000002|00000038|07-17|57.049995
0000000002|00000148|07-17|27.766666
0000000002|00000114|07-17|107.58331
0000000002|00000158|07-17|119.433334
0000000002|00000014|07-17|44.866665
0000000002|00000043|07-17|29.05
0000000002|00000074|07-17|162.11665
0000000002|00000083|07-17|50.133335
0000000002|00000148|17-24|25.583332
0000000002|00000038|17-24|16.1
0000000002|00000158|17-24|161.8
0000000002|00000114|17-24|110.216675
0000000002|00000014|17-24|12.566667
0000000002|00000043|17-24|18.383333
0000000002|00000074|17-24|61.81667
0000000002|00000083|17-24|12.25
0000000003|00000149|00-07|125.816666
0000000003|00000038|00-07|129.45001
0000000003|00000121|00-07|63.333336
0000000003|00000020|00-07|51.28334
0000000003|00000053|00-07|49.733337
0000000003|00000149|07-17|158.6
0000000003|00000038|07-17|83.75
0000000003|00000121|07-17|88.05
0000000003|00000020|07-17|105.15001
0000000003|00000053|07-17|153.55
0000000003|00000149|17-24|83.8
0000000003|00000038|17-24|133.05
0000000003|00000121|17-24|9.866667
0000000003|00000020|17-24|93.93333
0000000003|00000053|17-24|91.40001
0000000004|00000117|00-07|107.46665
0000000004|00000137|00-07|8.516666
0000000004|00000125|00-07|25.533333
0000000004|00000100|00-07|186.8
0000000004|00000172|00-07|85.75
0000000004|00000117|07-17|189.95
0000000004|00000137|07-17|13.366667
0000000004|00000125|07-17|60.433334
0000000004|00000100|07-17|126.00001
0000000004|00000172|07-17|200.7
0000000004|00000117|17-24|62.533337
0000000004|00000137|17-24|46.68333
0000000004|00000125|17-24|69.8
0000000004|00000100|17-24|92.75
0000000004|00000172|17-24|136.86667
0000000005|00000124|00-07|3.266667
0000000005|00000101|00-07|4.7333336
0000000005|00000023|00-07|1.4666667
0000000005|00000132|00-07|232.44997
0000000005|00000198|00-07|14.05
0000000005|00000076|00-07|148.25003
0000000005|00000096|00-07|2.4
0000000005|00000180|00-07|7.9
0000000005|00000080|00-07|0.95
0000000005|00000124|07-17|2.2666667
0000000005|00000101|07-17|14.299999
0000000005|00000023|07-17|1.4666667
0000000005|00000132|07-17|284.69998
0000000005|00000198|07-17|1.55
0000000005|00000076|07-17|265.59998
0000000005|00000180|07-17|4.733333
0000000005|00000080|07-17|4.7333336
0000000005|00000091|07-17|20.5
0000000005|00000124|17-24|17.783333
0000000005|00000101|17-24|6.416667
0000000005|00000023|17-24|3.6333334
0000000005|00000132|17-24|169.25
0000000005|00000076|17-24|199.20001
0000000005|00000043|17-24|7.15
0000000005|00000180|17-24|7.2166667
0000000005|00000091|17-24|4.6
0000000006|00000103|00-07|7.216667
0000000006|00000167|00-07|83.76667
0000000006|00000046|00-07|31.183334
0000000006|00000088|00-07|11.133333
0000000006|00000142|00-07|54.23333
0000000006|00000087|00-07|1.7166667
0000000006|00000053|00-07|25.55
0000000006|00000074|00-07|73.2
0000000006|00000170|00-07|43.016666
0000000006|00000109|00-07|33.51667
0000000006|00000091|00-07|11.283333
0000000006|00000080|00-07|37.733334
0000000006|00000103|07-17|16.75
0000000006|00000046|07-17|66.43334
0000000006|00000167|07-17|52.516666
0000000006|00000088|07-17|3.1666667
0000000006|00000109|07-17|63.04999
0000000006|00000142|07-17|64.55001
0000000006|00000087|07-17|4.4666667
0000000006|00000053|07-17|71.200005
0000000006|00000074|07-17|62.18334
0000000006|00000194|07-17|4.75
0000000006|00000170|07-17|100.99999
0000000006|00000080|07-17|83.850006
0000000006|00000091|07-17|5.6
0000000006|00000103|17-24|7.633333
0000000006|00000167|17-24|61.500008
0000000006|00000046|17-24|65.81667
0000000006|00000142|17-24|48.533337
0000000006|00000087|17-24|4.5833335
0000000006|00000053|17-24|51.366665
0000000006|00000074|17-24|72.16668
0000000006|00000109|17-24|37.933334
0000000006|00000170|17-24|28.099998
0000000006|00000080|17-24|37.16667
0000000006|00000091|17-24|3.983333
0000000007|00000128|00-07|18.3
0000000007|00000127|00-07|41.899998
0000000007|00000115|00-07|11.9
0000000007|00000158|00-07|9.016666
0000000007|00000004|00-07|18.416666
0000000007|00000025|00-07|26.666666
0000000007|00000189|00-07|26.05
0000000007|00000123|00-07|23.1
0000000007|00000035|00-07|0.8833333
0000000007|00000154|00-07|33.5
0000000007|00000066|00-07|8.333333
0000000007|00000132|00-07|49.916668
0000000007|00000076|00-07|14.066667
0000000007|00000054|00-07|0.25
0000000007|00000053|00-07|21.816666
0000000007|00000096|00-07|37.516666
0000000007|00000071|00-07|3.2333333
0000000007|00000180|00-07|8.233334
0000000007|00000070|00-07|50.48333
0000000007|00000128|07-17|29.633333
0000000007|00000007|07-17|28.466667
0000000007|00000127|07-17|2.0833333
0000000007|00000158|07-17|18.5
0000000007|00000004|07-17|2.8166666
0000000007|00000025|07-17|88.03334
0000000007|00000035|07-17|10.75
0000000007|00000177|07-17|29.7
0000000007|00000154|07-17|66.05
0000000007|00000176|07-17|15.733334
0000000007|00000187|07-17|40.0
0000000007|00000066|07-17|18.216667
0000000007|00000132|07-17|43.766666
0000000007|00000055|07-17|1.9166666
0000000007|00000076|07-17|39.86667
0000000007|00000053|07-17|2.2166667
0000000007|00000096|07-17|43.066666
0000000007|00000071|07-17|63.116665
0000000007|00000180|07-17|49.45
0000000007|00000007|17-24|22.483334
0000000007|00000128|17-24|16.916666
0000000007|00000126|17-24|0.8
0000000007|00000115|17-24|11.65
0000000007|00000158|17-24|67.95
0000000007|00000025|17-24|23.55
0000000007|00000189|17-24|3.6333334
0000000007|00000123|17-24|93.55
0000000007|00000132|17-24|27.616667
0000000007|00000187|17-24|7.3333335
0000000007|00000055|17-24|30.266666
0000000007|00000076|17-24|50.86667
0000000007|00000053|17-24|24.433334
0000000007|00000071|17-24|7.7833333
0000000007|00000070|17-24|25.616667
0000000008|00000004|00-07|158.53334
0000000008|00000047|00-07|5.383333
0000000008|00000167|00-07|98.91667
0000000008|00000045|00-07|24.8
0000000008|00000111|00-07|22.016666
0000000008|00000130|00-07|13.7
0000000008|00000004|07-17|104.76666
0000000008|00000047|07-17|112.666664
0000000008|00000167|07-17|10.666667
0000000008|00000111|07-17|100.316666
0000000008|00000045|07-17|27.816666
0000000008|00000130|07-17|50.05
0000000008|00000184|07-17|20.849998
0000000008|00000004|17-24|165.83333
0000000008|00000047|17-24|67.23334
0000000008|00000167|17-24|11.0
0000000008|00000045|17-24|7.0666666
0000000008|00000130|17-24|109.91666
0000000008|00000184|17-24|55.45
0000000009|00000138|00-07|38.5
0000000009|00000102|00-07|65.4
0000000009|00000142|00-07|40.316666
0000000009|00000054|00-07|25.85
0000000009|00000074|00-07|74.95
0000000009|00000063|00-07|52.283333
0000000009|00000195|00-07|74.95
0000000009|00000050|00-07|32.449997
0000000009|00000193|00-07|6.75
0000000009|00000138|07-17|22.033333
0000000009|00000102|07-17|15.233334
0000000009|00000054|07-17|52.783333
0000000009|00000142|07-17|66.76666
0000000009|00000195|07-17|48.36667
0000000009|00000074|07-17|71.28333
0000000009|00000063|07-17|16.35
0000000009|00000193|07-17|15.966667
0000000009|00000050|07-17|27.116667
0000000009|00000138|17-24|49.750004
0000000009|00000102|17-24|3.2
0000000009|00000142|17-24|100.78333
0000000009|00000054|17-24|24.566668
0000000009|00000195|17-24|50.95
0000000009|00000193|17-24|26.166666
